00100001
00010000
00000000
00000010
00100001
00001010
00000000
00000111
00100001
00001111
00000000
00000001
00000001
00001010
01001000
00100000
00010010
00001001
00000000
00001010
00000001
00101111
01001000
00100010
00000001
00101000
01100000
00100000
00010001
00001100
11111111
11111100
00000001
10101010
01101000
00100000
00000001
10001111
01100000
00100010
00010001
00001100
00000000
00000001
00001000
00000000
00000000
00000111
00000001
10101000
01010000
00100000
00000001
00001000
01101000
00100000
00001000
00000000
00000000
00000100
 
